[gd_scene load_steps=3 format=2]

[ext_resource path="res://scripts/Map.gd" type="Script" id=1]
[ext_resource path="res://scenes/map/Player_Avatar.tscn" type="PackedScene" id=2]

[node name="Map" type="Spatial"]
script = ExtResource( 1 )

[node name="Navigation_Nodes" type="Spatial" parent="."]
transform = Transform( 1, 0, 0, 0, 0.5, 0.866025, 0, -0.866025, 0.5, 0, 0, 0 )

[node name="Movables" type="Spatial" parent="."]
transform = Transform( 1, 0, 0, 0, 0.5, 0.866025, 0, -0.866025, 0.5, 0, 0, 0 )

[node name="Player_Avatar" parent="Movables" instance=ExtResource( 2 )]
transform = Transform( 1, 0, 0, 0, 0.5, -0.866026, 0, 0.866026, 0.5, 0, 0, 0 )

[node name="Camera" type="Camera" parent="Movables/Player_Avatar"]
transform = Transform( 1, 0, 0, 0, 0.5, 0.866025, 0, -0.866025, 0.5, 0, 15, 10 )
fov = 90.0

[node name="Between_Nodes" type="Spatial" parent="."]
transform = Transform( 1, 0, 0, 0, 0.5, 0.866025, 0, -0.866025, 0.5, 0, 0, 0 )

[node name="Background" type="GridMap" parent="."]
data = {
"cells": PoolIntArray(  )
}
__meta__ = {
"_editor_clip_": 0
}

[node name="Details" type="Spatial" parent="."]


[editable path="Movables/Player_Avatar"]
